579
517
431
340
263
212
204
237
304
392
485
559
605
607
568
497
408
316
245
205
209
253
328
418
509
576
610
601
551
472
381
294
231
202
218
272
352
445
530
591
608
547
425
294
212
213
297
427
550
610
582
479
345
237
202
255
374
506
595
604
528
400
275
207
224
320
454
567
611
568
452
322
224
206
274
397
526
603
595
508
374
256
203
236
344
478
581
609
550
429
299
215
212
293
423
545
609
583
483
349
240
203
252
367
502
593
605
531
404
278
207
221
317
449
563
611
570
459
327
228
205
270
394
525
602
597
511
380
258
203
234
340
473
579
610
555
432
302
216
212
290
419
542
608
586
487
353
242
202
248
363
496
591
606
535
409
282
209
219
310
445
562
611
573
464
330
229
204
268
390
520
601
599
515
384
263
203
232
335
469
577
611
558
439
306
217
209
286
414
539
607
589
491
358
246
201
247
358
492
588
606
537
413
285
209
217
307
439
559
610
575
468
333
231
204
263
386
516
600
601
518
388
266
205
229
332
466
574
611
560
444
311
219
208
283
410
536
606
591
497
361
248
203
244
354
488
587
608
541
417
288
210
216
303
435
554
610
578
472
338
234
203
259
379
513
598
601
521
392
269
205
227
328
460
571
612
563
448
316
222
208
280
406
532
606
593
500
368
251
203
241
351
485
585
608
546
421
292
212
216
299
430
550
609
580
475
341
236
203
257
374
506
597
603
525
397
272
206
225
322
457
569
611
563
452
319
224
207
276
401
529
604
594
503
372
256
203
238
347
480
582
609
549
428
295
213
213
296
426
548
609
583
480
345
239
202
254
370
503
593
603
529
401
276
206
223
318
450
567
611
568
456
322
225
207
272
398
526
603
596
507
377
258
203
236
342
476
580
610
552
432
301
215
212
292
422
545
608
586
485
349
241
202
251
366
499
592
606
531
405
278
208
221
314
447
562
611
571
460
327
226
